#	TASF46	20.5	T IR	T Sens	Mag	Hz	Alt	Azi	Lat	Lon	SL	BAT
1	2024:10:5	4:23:33	2.59	2.95	21.11	0.57	10	0.00	40.831171	-2.800388	1110	3.96
2	2024:10:5	4:23:37	2.59	2.95	21.1	0.58	10	11.00	40.831171	-2.800388	1110	3.96
3	2024:10:5	4:23:40	2.39	2.99	21.05	0.6	10	22.00	40.831171	-2.800388	1110	3.96
4	2024:10:5	4:23:43	2.77	2.97	20.99	0.64	10	33.00	40.831171	-2.800388	1110	3.96
5	2024:10:5	4:23:46	2.31	3.01	20.87	0.71	10	45.00	40.831171	-2.800388	1110	3.95
6	2024:10:5	4:23:49	2.31	3.09	20.78	0.77	10	56.00	40.831171	-2.800388	1110	3.96
7	2024:10:5	4:23:52	1.79	3.09	20.85	0.72	10	67.00	40.831171	-2.800388	1110	3.96
8	2024:10:5	4:23:55	2.05	3.13	20.96	0.65	10	78.00	40.831171	-2.800388	1110	3.95
9	2024:10:5	4:23:58	2.43	3.15	21.15	0.55	10	90.00	40.831171	-2.800388	1110	3.95
10	2024:10:5	4:24:2	2.43	3.19	21.24	0.5	10	101.00	40.831171	-2.800388	1110	3.95
11	2024:10:5	4:24:5	2.51	3.21	21.09	0.58	10	112.00	40.831171	-2.800388	1110	3.95
12	2024:10:5	4:24:9	1.59	3.25	21.0	0.63	10	123.00	40.831171	-2.800388	1110	3.95
13	2024:10:5	4:24:12	1.63	3.31	21.19	0.53	10	135.00	40.831171	-2.800388	1110	3.95
14	2024:10:5	4:24:17	2.65	3.33	21.51	0.4	10	146.00	40.831171	-2.800388	1110	3.95
15	2024:10:5	4:24:23	3.49	3.43	21.74	0.32	10	157.00	40.831171	-2.800388	1110	3.95
16	2024:10:5	4:24:29	3.71	3.45	21.52	0.39	10	168.00	40.831171	-2.800388	1110	3.95
17	2024:10:5	4:24:32	2.55	3.43	20.82	0.74	10	180.00	40.831171	-2.800388	1110	3.94
18	2024:10:5	4:24:34	0.59	3.45	20.33	1.17	10	191.00	40.831171	-2.800388	1110	3.94
19	2024:10:5	4:24:37	-0.03	3.53	20.11	1.44	10	202.00	40.831171	-2.800388	1110	3.94
20	2024:10:5	4:24:39	0.29	3.55	19.86	1.81	10	213.00	40.831171	-2.800388	1110	3.94
21	2024:10:5	4:24:41	0.43	3.53	19.74	2.01	10	225.00	40.831171	-2.800388	1110	3.94
22	2024:10:5	4:24:43	1.01	3.51	19.7	2.09	10	236.00	40.831171	-2.800388	1110	3.94
23	2024:10:5	4:24:45	1.01	3.55	19.71	2.07	10	247.00	40.831171	-2.800388	1110	3.94
24	2024:10:5	4:24:47	1.43	3.55	20.0	1.59	10	258.00	40.831171	-2.800388	1110	3.94
25	2024:10:5	4:24:50	1.97	3.57	20.56	0.95	10	270.00	40.831171	-2.800388	1110	3.94
26	2024:10:5	4:24:55	2.51	3.63	21.04	0.61	10	281.00	40.831171	-2.800388	1110	3.94
27	2024:10:5	4:24:58	3.23	3.61	21.23	0.51	10	292.00	40.831171	-2.800388	1110	3.94
28	2024:10:5	4:25:2	2.99	3.65	21.09	0.58	10	303.00	40.831171	-2.800388	1110	3.94
29	2024:10:5	4:25:5	2.89	3.61	20.91	0.69	10	315.00	40.831171	-2.800388	1110	3.94
30	2024:10:5	4:25:7	2.77	3.67	20.89	0.7	10	326.00	40.831171	-2.800388	1110	3.94
31	2024:10:5	4:25:11	2.69	3.65	20.97	0.65	10	337.00	40.831171	-2.800388	1110	3.94
32	2024:10:5	4:25:14	2.73	3.69	21.07	0.59	10	348.00	40.831171	-2.800388	1110	3.94
33	2024:10:5	4:25:18	-2.55	3.69	20.7	0.83	20	0.00	40.831171	-2.800388	1110	3.94
34	2024:10:5	4:25:22	-2.23	3.71	20.66	0.86	20	12.00	40.831171	-2.800388	1110	3.93
35	2024:10:5	4:25:25	-2.31	3.71	20.63	0.89	20	25.00	40.831171	-2.800388	1110	3.94
36	2024:10:5	4:25:28	-2.95	3.71	20.57	0.93	20	38.00	40.831171	-2.800388	1110	3.94
37	2024:10:5	4:25:31	-3.31	3.79	20.49	1.01	20	51.00	40.831171	-2.800388	1110	3.93
38	2024:10:5	4:25:34	-3.15	3.79	20.48	1.02	20	64.00	40.831171	-2.800388	1110	3.93
39	2024:10:5	4:25:37	-3.47	3.83	20.53	0.98	20	77.00	40.831171	-2.800388	1110	3.94
40	2024:10:5	4:25:41	-3.07	3.79	20.65	0.87	20	90.00	40.831171	-2.800388	1110	3.93
41	2024:10:5	4:25:44	-3.03	3.85	20.71	0.83	20	102.00	40.831171	-2.800388	1110	3.93
42	2024:10:5	4:25:47	-3.51	3.87	20.52	0.98	20	115.00	40.831171	-2.800388	1110	3.94
43	2024:10:5	4:25:50	-4.41	3.91	20.52	0.98	20	128.00	40.831171	-2.800388	1110	3.93
44	2024:10:5	4:25:54	-3.55	3.93	20.73	0.81	20	141.00	40.831171	-2.800388	1110	3.93
45	2024:10:5	4:25:59	-2.35	3.99	21.0	0.63	20	154.00	40.831171	-2.800388	1110	3.93
46	2024:10:5	4:26:2	-2.15	3.93	21.03	0.61	20	167.00	40.831171	-2.800388	1110	3.93
47	2024:10:5	4:26:4	-3.47	3.93	20.64	0.88	20	180.00	40.831171	-2.800388	1110	3.93
48	2024:10:5	4:26:7	-5.11	4.03	20.32	1.18	20	192.00	40.831171	-2.800388	1110	3.93
49	2024:10:5	4:26:9	-5.77	4.01	20.13	1.4	20	205.00	40.831171	-2.800388	1110	3.93
50	2024:10:5	4:26:12	-5.47	4.01	19.89	1.75	20	218.00	40.831171	-2.800388	1110	3.92
51	2024:10:5	4:26:14	-5.23	4.03	19.81	1.89	20	231.00	40.831171	-2.800388	1110	3.93
52	2024:10:5	4:26:16	-4.61	4.05	19.7	2.09	20	244.00	40.831171	-2.800388	1110	3.92
53	2024:10:5	4:26:18	-4.53	4.07	19.85	1.82	20	257.00	40.831171	-2.800388	1110	3.93
54	2024:10:5	4:26:21	-3.55	4.13	20.21	1.3	20	270.00	40.831171	-2.800388	1110	3.93
55	2024:10:5	4:26:24	-2.75	4.07	20.54	0.96	20	282.00	40.831171	-2.800388	1110	3.93
56	2024:10:5	4:26:27	-2.27	4.07	20.65	0.87	20	295.00	40.831171	-2.800388	1110	3.92
57	2024:10:5	4:26:30	-2.19	4.15	20.53	0.97	20	308.00	40.831171	-2.800388	1110	3.92
58	2024:10:5	4:26:33	-2.39	4.17	20.5	1.0	20	321.00	40.831171	-2.800388	1110	3.93
59	2024:10:5	4:26:36	-2.07	4.15	20.59	0.92	20	334.00	40.831171	-2.800388	1110	3.92
60	2024:10:5	4:26:40	-2.51	4.17	20.67	0.85	20	347.00	40.831171	-2.800388	1110	3.92
61	2024:10:5	4:26:45	-7.99	4.21	20.74	0.8	30	0.00	40.831171	-2.800388	1110	3.92
62	2024:10:5	4:26:48	-8.07	4.17	20.71	0.82	30	15.00	40.831171	-2.800388	1110	3.93
63	2024:10:5	4:26:52	-7.95	4.19	20.69	0.84	30	30.00	40.831171	-2.800388	1110	3.92
64	2024:10:5	4:26:56	-7.91	4.21	20.67	0.85	30	45.00	40.831171	-2.800388	1110	3.93
65	2024:10:5	4:26:59	-8.45	4.25	20.63	0.89	30	60.00	40.831171	-2.800388	1110	3.92
66	2024:10:5	4:27:2	-8.85	4.19	20.58	0.93	30	75.00	40.831171	-2.800388	1110	3.92
67	2024:10:5	4:27:5	-8.59	4.23	20.55	0.96	30	90.00	40.831171	-2.800388	1110	3.92
68	2024:10:5	4:27:8	-8.81	4.23	20.54	0.96	30	105.00	40.831171	-2.800388	1110	3.92
69	2024:10:5	4:27:12	-9.37	4.25	20.52	0.98	30	120.00	40.831171	-2.800388	1110	3.92
70	2024:10:5	4:27:15	-9.49	4.23	20.57	0.93	30	135.00	40.831171	-2.800388	1110	3.92
71	2024:10:5	4:27:18	-9.27	4.27	20.67	0.85	30	150.00	40.831171	-2.800388	1110	3.92
72	2024:10:5	4:27:22	-9.15	4.25	20.74	0.8	30	165.00	40.831171	-2.800388	1110	3.92
73	2024:10:5	4:27:25	-9.37	4.25	20.67	0.86	30	180.00	40.831171	-2.800388	1110	3.92
74	2024:10:5	4:27:29	-9.79	4.25	20.55	0.95	30	195.00	40.831171	-2.800388	1110	3.92
75	2024:10:5	4:27:32	-9.79	4.27	20.41	1.08	30	210.00	40.831171	-2.800388	1110	3.92
76	2024:10:5	4:27:34	-10.09	4.27	20.26	1.25	30	225.00	40.831171	-2.800388	1110	3.92
77	2024:10:5	4:27:37	-9.41	4.29	20.21	1.3	30	240.00	40.831171	-2.800388	1110	3.92
78	2024:10:5	4:27:40	-9.37	4.31	20.28	1.23	30	255.00	40.831171	-2.800388	1110	3.92
79	2024:10:5	4:27:42	-9.19	4.31	20.41	1.09	30	270.00	40.831171	-2.800388	1110	3.92
80	2024:10:5	4:27:45	-8.41	4.35	20.51	0.99	30	285.00	40.831171	-2.800388	1110	3.92
81	2024:10:5	4:27:48	-8.21	4.35	20.53	0.97	30	300.00	40.831171	-2.800388	1110	3.91
82	2024:10:5	4:27:51	-8.25	4.39	20.56	0.95	30	315.00	40.831171	-2.800388	1110	3.92
83	2024:10:5	4:27:55	-8.33	4.39	20.67	0.86	30	330.00	40.831171	-2.800388	1110	3.92
84	2024:10:5	4:27:58	-8.25	4.41	20.74	0.8	30	345.00	40.831171	-2.800388	1110	3.92
85	2024:10:5	4:28:2	-10.93	4.39	20.87	0.71	40	0.00	40.831171	-2.800388	1110	3.92
86	2024:10:5	4:28:7	-10.97	4.43	20.86	0.72	40	18.00	40.831171	-2.800388	1110	3.92
87	2024:10:5	4:28:11	-11.15	4.43	20.83	0.74	40	36.00	40.831171	-2.800388	1110	3.92
88	2024:10:5	4:28:15	-11.55	4.41	20.8	0.76	40	54.00	40.831171	-2.800388	1110	3.91
89	2024:10:5	4:28:19	-11.63	4.41	20.73	0.81	40	72.00	40.831171	-2.800388	1110	3.91
90	2024:10:5	4:28:22	-11.85	4.43	20.64	0.88	40	90.00	40.831171	-2.800388	1110	3.92
91	2024:10:5	4:28:25	-12.11	4.43	20.59	0.92	40	108.00	40.831171	-2.800388	1110	3.92
92	2024:10:5	4:28:29	-12.11	4.41	20.62	0.89	40	126.00	40.831171	-2.800388	1110	3.91
93	2024:10:5	4:28:32	-12.39	4.43	20.73	0.81	40	144.00	40.831171	-2.800388	1110	3.91
94	2024:10:5	4:28:36	-12.75	4.43	20.82	0.74	40	162.00	40.831171	-2.800388	1110	3.91
95	2024:10:5	4:28:40	-12.29	4.43	20.81	0.75	40	180.00	40.831171	-2.800388	1110	3.92
96	2024:10:5	4:28:44	-12.53	4.45	20.73	0.81	40	198.00	40.831171	-2.800388	1110	3.91
97	2024:10:5	4:28:47	-12.39	4.47	20.63	0.89	40	216.00	40.831171	-2.800388	1110	3.92
98	2024:10:5	4:28:51	-12.03	4.47	20.57	0.94	40	234.00	40.831171	-2.800388	1110	3.91
99	2024:10:5	4:28:54	-11.63	4.47	20.59	0.92	40	252.00	40.831171	-2.800388	1110	3.91
100	2024:10:5	4:28:57	-12.03	4.49	20.66	0.86	40	270.00	40.831171	-2.800388	1110	3.91
101	2024:10:5	4:29:1	-11.45	4.49	20.7	0.83	40	288.00	40.831171	-2.800388	1110	3.91
102	2024:10:5	4:29:4	-11.55	4.49	20.68	0.85	40	306.00	40.831171	-2.800388	1110	3.91
103	2024:10:5	4:29:8	-10.89	4.47	20.74	0.8	40	324.00	40.831171	-2.800388	1110	3.91
104	2024:10:5	4:29:12	-11.15	4.49	20.85	0.73	40	342.00	40.831171	-2.800388	1110	3.91
105	2024:10:5	4:29:17	-13.15	4.51	20.96	0.65	50	0.00	40.831171	-2.800388	1110	3.91
106	2024:10:5	4:29:21	-12.83	4.49	20.96	0.65	50	22.00	40.831171	-2.800388	1110	3.91
107	2024:10:5	4:29:26	-12.97	4.57	20.94	0.67	50	45.00	40.831171	-2.800388	1110	3.91
108	2024:10:5	4:29:30	-12.97	4.51	20.86	0.72	50	67.00	40.831171	-2.800388	1110	3.91
109	2024:10:5	4:29:34	-13.15	4.53	20.72	0.81	50	90.00	40.831171	-2.800388	1110	3.91
110	2024:10:5	4:29:37	-13.61	4.53	20.64	0.88	50	112.00	40.831171	-2.800388	1110	3.92
111	2024:10:5	4:29:41	-13.69	4.51	20.72	0.81	50	135.00	40.831171	-2.800388	1110	3.92
112	2024:10:5	4:29:45	-13.87	4.53	20.89	0.7	50	157.00	40.831171	-2.800388	1110	3.91
113	2024:10:5	4:29:49	-13.93	4.49	20.9	0.69	50	180.00	40.831171	-2.800388	1110	3.91
114	2024:10:5	4:29:54	-13.69	4.53	20.85	0.73	50	202.00	40.831171	-2.800388	1110	3.91
115	2024:10:5	4:29:57	-13.29	4.51	20.8	0.76	50	225.00	40.831171	-2.800388	1110	3.91
116	2024:10:5	4:30:1	-13.69	4.53	20.8	0.76	50	247.00	40.831171	-2.800388	1110	3.91
117	2024:10:5	4:30:6	-13.47	4.51	20.83	0.73	50	270.00	40.831171	-2.800388	1110	3.91
118	2024:10:5	4:30:10	-13.55	4.53	20.83	0.74	50	292.00	40.831171	-2.800388	1110	3.91
119	2024:10:5	4:30:14	-13.23	4.57	20.8	0.76	50	315.00	40.831171	-2.800388	1110	3.91
120	2024:10:5	4:30:18	-13.15	4.59	20.9	0.69	50	337.00	40.831171	-2.800388	1110	3.91
121	2024:10:5	4:30:22	-14.19	4.59	21.01	0.63	60	0.00	40.831171	-2.800388	1110	3.91
122	2024:10:5	4:30:27	-14.23	4.57	21.02	0.62	60	30.00	40.831171	-2.800388	1110	3.90
123	2024:10:5	4:30:32	-14.47	4.57	20.95	0.66	60	60.00	40.831171	-2.800388	1110	3.91
124	2024:10:5	4:30:36	-15.07	4.59	20.8	0.76	60	90.00	40.831171	-2.800388	1110	3.91
125	2024:10:5	4:30:41	-15.01	4.57	20.69	0.84	60	120.00	40.831171	-2.800388	1110	3.91
126	2024:10:5	4:30:45	-15.01	4.57	20.86	0.72	60	150.00	40.831171	-2.800388	1110	3.91
127	2024:10:5	4:30:49	-15.25	4.53	20.94	0.67	60	180.00	40.831171	-2.800388	1110	3.91
128	2024:10:5	4:30:54	-14.83	4.53	20.93	0.67	60	210.00	40.831171	-2.800388	1110	3.91
129	2024:10:5	4:30:58	-14.75	4.59	20.93	0.67	60	240.00	40.831171	-2.800388	1110	3.91
130	2024:10:5	4:31:3	-14.93	4.57	20.95	0.66	60	270.00	40.831171	-2.800388	1110	3.91
131	2024:10:5	4:31:7	-14.37	4.57	20.9	0.69	60	300.00	40.831171	-2.800388	1110	3.91
132	2024:10:5	4:31:11	-14.47	4.57	20.92	0.68	60	330.00	40.831171	-2.800388	1110	3.91
133	2024:10:5	4:31:18	-15.25	4.57	21.01	0.63	70	0.00	40.831171	-2.800388	1110	3.91
134	2024:10:5	4:31:24	-15.15	4.59	21.0	0.63	70	45.00	40.831171	-2.800388	1110	3.91
135	2024:10:5	4:31:30	-15.67	4.57	20.89	0.7	70	90.00	40.831171	-2.800388	1110	3.90
136	2024:10:5	4:31:35	-15.81	4.53	20.83	0.74	70	135.00	40.831171	-2.800388	1110	3.91
137	2024:10:5	4:31:41	-15.57	4.53	21.01	0.63	70	180.00	40.831171	-2.800388	1110	3.90
138	2024:10:5	4:31:48	-15.85	4.49	21.01	0.63	70	225.00	40.831171	-2.800388	1110	3.91
139	2024:10:5	4:31:54	-15.49	4.51	21.0	0.63	70	270.00	40.831171	-2.800388	1110	3.90
140	2024:10:5	4:32:0	-15.57	4.49	20.94	0.67	70	315.00	40.831171	-2.800388	1110	3.90
141	2024:10:5	4:32:7	-15.89	4.51	21.0	0.63	80	0.00	40.831171	-2.800388	1110	3.90
142	2024:10:5	4:32:14	-16.27	4.47	20.97	0.65	80	90.00	40.831171	-2.800388	1110	3.90
143	2024:10:5	4:32:22	-15.95	4.47	21.04	0.61	80	180.00	40.831171	-2.800388	1110	3.90
144	2024:10:5	4:32:31	-15.99	4.47	21.02	0.62	80	270.00	40.831171	-2.800388	1110	3.90
145	2024:10:5	4:32:40	-15.99	4.47	21.02	0.62	90	0.00	40.831171	-2.800388	1110	3.90
